1000	0.148	0.148	0.000
1850	-0.109	-0.109	-0.109
1851	-0.108	-0.108	-0.108
1852	-0.109	-0.109	-0.109
1853	-0.109	-0.109	-0.109
1854	-0.107	-0.107	-0.107
1855	-0.108	-0.108	-0.108
1856	-0.108	-0.108	-0.108
1857	-0.106	-0.106	-0.106
1858	-0.105	-0.105	-0.105
1859	-0.105	-0.105	-0.105
1860	-0.105	-0.105	-0.105
1861	-0.104	-0.104	-0.104
1862	-0.103	-0.103	-0.103
1863	-0.103	-0.103	-0.103
1864	-0.104	-0.104	-0.104
1865	-0.102	-0.102	-0.102
1866	-0.100	-0.100	-0.100
1867	-0.101	-0.101	-0.101
1868	-0.100	-0.100	-0.100
1869	-0.100	-0.100	-0.100
1870	-0.100	-0.100	-0.100
1871	-0.099	-0.099	-0.099
1872	-0.097	-0.097	-0.097
1873	-0.096	-0.096	-0.096
1874	-0.094	-0.094	-0.094
1875	-0.093	-0.093	-0.093
1876	-0.092	-0.092	-0.092
1877	-0.092	-0.092	-0.092
1878	-0.092	-0.092	-0.092
1879	-0.090	-0.090	-0.090
1880	-0.089	-0.089	-0.089
1881	-0.089	-0.089	-0.089
1882	-0.087	-0.087	-0.087
1883	-0.087	-0.087	-0.087
1884	-0.086	-0.086	-0.086
1885	-0.086	-0.086	-0.086
1886	-0.083	-0.083	-0.083
1887	-0.082	-0.082	-0.082
1888	-0.082	-0.082	-0.082
1889	-0.080	-0.080	-0.080
1890	-0.080	-0.080	-0.080
1891	-0.080	-0.080	-0.080
1892	-0.081	-0.081	-0.081
1893	-0.079	-0.079	-0.079
1894	-0.079	-0.079	-0.079
1895	-0.080	-0.080	-0.080
1896	-0.081	-0.081	-0.081
1897	-0.081	-0.081	-0.081
1898	-0.080	-0.080	-0.080
1899	-0.080	-0.080	-0.080
1900	-0.079	-0.079	-0.079
1901	-0.078	-0.078	-0.078
1902	-0.074	-0.074	-0.074
1903	-0.072	-0.072	-0.072
1904	-0.069	-0.069	-0.069
1905	-0.065	-0.065	-0.065
1906	-0.063	-0.063	-0.063
1907	-0.061	-0.061	-0.061
1908	-0.057	-0.057	-0.057
1909	-0.056	-0.056	-0.056
1910	-0.053	-0.053	-0.053
1911	-0.050	-0.050	-0.050
1912	-0.046	-0.046	-0.046
1913	-0.041	-0.041	-0.041
1914	-0.038	-0.038	-0.038
1915	-0.034	-0.034	-0.034
1916	-0.030	-0.030	-0.030
1917	-0.025	-0.025	-0.025
1918	-0.021	-0.021	-0.021
1919	-0.018	-0.018	-0.018
1920	-0.012	-0.012	-0.012
1921	-0.012	-0.012	-0.012
1922	-0.013	-0.013	-0.013
1923	-0.013	-0.013	-0.013
1924	-0.014	-0.014	-0.014
1925	-0.015	-0.015	-0.015
1926	-0.017	-0.017	-0.017
1927	-0.016	-0.016	-0.016
1928	-0.014	-0.014	-0.014
1929	-0.013	-0.013	-0.013
1930	-0.013	-0.013	-0.013
1931	-0.010	-0.010	-0.010
1932	-0.005	-0.005	-0.005
1933	0.000	0.000	0.000
1934	0.003	0.003	0.003
1935	0.007	0.007	0.007
1936	0.011	0.011	0.011
1937	0.014	0.014	0.014
1938	0.018	0.018	0.018
1939	0.020	0.020	0.020
1940	0.023	0.023	0.023
1941	0.025	0.025	0.025
1942	0.026	0.026	0.026
1943	0.027	0.027	0.027
1944	0.028	0.028	0.028
1945	0.029	0.029	0.029
1946	0.029	0.029	0.029
1947	0.030	0.030	0.030
1948	0.033	0.033	0.033
1949	0.034	0.034	0.034
1950	0.037	0.037	0.037
1951	0.030	0.030	0.030
1952	0.026	0.026	0.026
1953	0.022	0.022	0.022
1954	0.018	0.018	0.018
1955	0.015	0.015	0.015
1956	0.014	0.014	0.014
1957	0.013	0.013	0.013
1958	0.011	0.011	0.011
1959	0.009	0.009	0.009
1960	0.005	0.005	0.005
1961	0.000	0.000	0.000
1962	-0.005	-0.005	-0.005
1963	-0.009	-0.009	-0.009
1964	-0.013	-0.013	-0.013
1965	-0.015	-0.015	-0.015
1966	-0.016	-0.016	-0.016
1967	-0.016	-0.016	-0.016
1968	-0.014	-0.014	-0.014
1969	-0.012	-0.012	-0.012
1970	-0.008	-0.008	-0.008
1971	0.009	0.009	0.009
1972	0.031	0.031	0.031
1973	0.053	0.053	0.053
1974	0.075	0.075	0.075
1975	0.097	0.097	0.097
1976	0.120	0.120	0.120
1977	0.141	0.141	0.141
1978	0.163	0.163	0.163
1979	0.187	0.187	0.187
1980	0.207	0.207	0.207
1981	0.220	0.220	0.220
1982	0.231	0.231	0.231
1983	0.240	0.240	0.240
1984	0.251	0.251	0.251
1985	0.263	0.263	0.263
1986	0.272	0.272	0.272
1987	0.281	0.281	0.281
1988	0.292	0.292	0.292
1989	0.302	0.302	0.302
1990	0.312	0.312	0.312
1991	0.322	0.322	0.322
1992	0.329	0.329	0.329
1993	0.334	0.334	0.334
1994	0.337	0.337	0.337
1995	0.341	0.341	0.341
1996	0.345	0.345	0.345
1997	0.348	0.348	0.348
1998	0.353	0.353	0.353
1999	0.360	0.360	0.360
2000	0.362	0.362	0.362
2001	0.370	0.370	0.370
2002	0.377	0.377	0.377
2003	0.386	0.386	0.386
2004	0.400	0.400	0.400
2005	0.408	0.408	0.408
2006	0.418	0.418	0.418
2007	0.428	0.428	0.428
2008	0.443	0.443	0.443
2009	0.451	0.451	0.451
2010	0.465	0.465	0.465
2011	0.478	0.478	0.478
2012	0.488	0.488	0.488
2013	0.497	0.497	0.497
2014	0.507	0.507	0.507
2015	0.516	0.516	0.516
2016	0.526	0.526	0.526
2017	0.536	0.536	0.536
2018	0.545	0.545	0.545
2019	0.555	0.555	0.555
2020	0.564	0.564	0.564
9999	2.637	2.38	0.257
